----------OPTIMIZATION PARAMETERS----------
DATE: 20240704-095406
DATASET_PATH: /content/Affective-AI-Music-Improviser/TCN/dataset
FEEDBACK: False
SEED: 1111
INPUT_SIZE: 92
EMBEDDING_SIZE: 20
LEVELS: 7
HIDDEN_UNITS: 192
NUM_CHANNELS: [192, 192, 192, 192, 192, 192, 20]
OUTPUT_SIZE: 95
LOSS_WEIGTHS: tensor([0.7505, 0.9890, 0.9566, 0.9972, 0.9867, 0.9967, 0.9885, 0.9936, 0.9597,
        0.9931, 0.9690, 0.9935, 0.9580, 0.9967, 0.9773, 0.9912, 0.9380, 0.9986,
        0.9911, 0.9963, 0.9854, 0.9998, 0.9998, 0.9888, 0.9616, 0.9932, 0.9646,
        0.9948, 0.9683, 0.9959, 0.9791, 0.9990, 0.9977, 0.9941, 0.9583, 0.9984,
        0.9915, 0.9963, 0.9875, 0.9959, 0.9851, 0.9982, 0.9947, 0.9989, 0.9960,
        0.9957, 0.9799, 0.9999, 0.9998, 0.9998, 0.9995, 0.9980, 0.9906, 0.9977,
        0.9807, 0.9970, 0.9850, 0.9987, 0.9936, 0.9999, 0.9990, 0.9999, 0.9999,
        0.9996, 0.9998, 0.9977, 0.9985, 0.9999, 0.9995, 0.9999, 0.9990, 0.9999,
        0.9989, 0.9995, 0.9976, 0.9982, 0.9826, 0.9991, 0.9942, 0.9990, 0.9932,
        0.9988, 0.9897, 0.9998, 0.9981, 0.9999, 0.9995, 0.9999, 0.9999, 0.9999,
        0.9999, 0.9999, 0.9999, 0.9999, 0.9999], device='cuda:0')
LEARNING_RATE: 1
BATCH_SIZE: 4
EPOCHS: 800
GRADIENT_CLIP: 0.35
------------------------------------------
----------RESULTS----------
TRAIN_LOSSES: 0.4343497702165654
BEST_EVAL_LOSS: 1.2328668236732483
TEST_LOSS: 1.4486441969871522
BEST_MODEL_EPOCH: 797
------------------------------------------
