[43 0 0 0 0 0 0 0 0 0 0 0 0 0 0 0 0 0 0 0 0 0 0 0 0 0 0 0 0 0 0 0 0 0 0 0
 0 0 0 0 0 0 0 0 0 0 0 0]
[43 7 27 27 27 27 27 27 0 18 19 19 19 0 66 10 10 10 5 0 0 18 19 19 19 7 27
 27 27 27 2 2 0 0 0 0 0 17 10 10 10 10 5 5 0 18 19 19]
[43 7 27 27 27 27 2 0 0 0 0 0 0 17 10 10 10 10 5 0 0 18 19 19 19 19 7 27
 27 27 27 2 2 18 19 19 19 19 0 10 10 10 10 5 5 18 19 19]
[43 7 27 27 27 27 2 2 18 19 19 19 19 0 66 10 10 10 5 5 18 19 19 19 19 7 27
 27 27 27 2 2 18 19 19 19 0 66 66 5 5 5 0 0 18 19 19 19]
[43 7 27 27 2 2 2 0 18 19 19 19 19 0 10 10 10 10 5 5 0 18 19 19 19 0 65 65
 2 2 2 0 18 19 19 19 19 0 10 10 10 10 5 0 0 18 19 19]
[43 7 27 27 27 27 2 0 0 18 19 19 19 0 66 10 10 10 5 0 0 18 19 19 19 32 22
 27 27 27 2 2 2 18 19 19 19 24 25 66 10 10 10 5 0 0 0 0]
[43 7 27 27 27 27 2 2 0 0 0 0 0 17 10 10 10 10 5 0 0 18 19 19 19 0 65 65 2
 2 2 2 0 18 19 19 19 0 66 10 10 10 5 0 0 0 0 0]
[43 13 14 14 2 2 2 0 0 18 19 19 19 0 66 66 5 5 5 0 0 0 0 0 0 1 20 14 14 14
 14 2 18 19 19 19 19 17 10 10 10 10 5 0 0 18 19 19]
[43 7 27 27 2 2 2 0 18 19 19 19 19 0 10 10 10 10 5 5 18 19 19 19 37 63 14
 14 14 14 2 0 0 0 0 0 0 17 10 10 5 5 5 0 0 18 19 19]
[43 7 27 27 2 2 2 2 0 18 19 19 19 24 0 0 5 5 5 0 0 0 18 19 19 19 0 65 14
 14 14 2 2 0 0 0 0 0 47 12 12 5 5 5 0 18 19 19]
[43 13 14 14 2 2 2 2 0 18 19 19 19 0 66 66 5 5 5 5 0 18 19 19 19 0 65 65 2
 2 2 0 0 18 19 19 19 0 66 66 5 5 5 5 32 33 33 33]
[43 13 14 14 14 14 2 2 0 18 19 19 19 61 91 51 51 51 51 0 0 18 19 19 19 7
 27 27 27 27 2 2 0 18 19 19 19 61 91 91 51 51 51 51 32 33 33 33]
[43 13 14 14 14 14 2 0 0 0 18 19 19 19 32 67 21 21 21 5 5 5 18 19 19 19 0
 65 65 2 2 2 0 0 18 19 19 19 0 66 66 10 10 5 0 0 18 19]
[43 13 14 14 2 2 2 0 0 18 19 19 19 0 66 10 10 10 5 5 0 18 19 19 19 0 65 65
 2 2 2 2 0 18 19 19 19 0 66 10 10 10 5 5 0 18 19 19]
[43 13 14 14 2 2 2 2 0 0 0 0 0 0 0 0 0 0 0 0 0 0 0 0 0 0 0 0 0 0 0 0 0 0 0
 0 0 0 0 0 0 0 0 0 0 0 0 0]
[43 13 14 14 14 14 14 2 0 0 0 0 0 18 19 19 19 19 19 0 0 0 0 0 0 17 10 10
 10 10 10 5 0 0 0 0 0 0 18 19 19 19 19 19 19 0 0 0]
[43 13 14 14 14 14 14 33 0 0 0 0 0 0 18 19 19 19 19 19 19 0 0 0 0 4 5 5 5
 5 5 0 0 0 0 0 0 32 33 33 33 33 33 33 0 0 0 0]
[43 1 20 14 14 14 14 14 0 0 0 0 0 0 18 19 19 19 19 19 0 0 0 0 0 0 17 10 10
 10 10 10 33 0 0 0 0 0 32 33 33 33 33 33 33 0 0 0]
[43 17 10 10 10 10 10 0 0 0 0 0 0 18 19 19 19 19 19 19 0 0 0 0 1 20 14 14
 14 14 14 33 0 0 0 0 18 19 19 19 19 19 19 0 0 0 0 0]
[43 17 10 10 10 10 10 33 0 0 0 0 0 0 18 19 19 19 19 19 0 0 0 0 0 0 13 14
 14 14 14 14 2 0 0 0 0 0 18 19 19 19 19 19 19 0 0 0]
[43 17 10 10 10 10 10 10 0 0 0 0 0 18 19 19 19 19 19 19 0 0 0 0 1 20 14 14
 14 14 33 0 0 0 0 0 0 18 19 19 19 19 19 19 0 0 0 0]
[43 8 21 21 21 21 21 21 0 0 0 0 0 0 32 33 33 33 33 33 0 0 0 0 0 1 20 14 14
 14 14 14 33 0 0 0 0 18 19 19 19 19 19 0 0 0 0 0]
[43 17 10 10 10 10 10 10 0 0 0 0 0 0 32 33 33 33 33 33 33 0 0 0 0 13 14 14
 14 14 14 33 0 0 0 0 18 19 19 19 19 19 0 0 0 0 0 0]
[43 17 10 10 10 10 10 10 0 0 0 0 0 18 19 19 19 19 19 19 0 0 0 0 1 20 14 14
 14 14 14 0 0 0 0 0 18 19 19 19 19 19 19 0 0 0 0 0]
[43 17 10 10 10 10 10 5 0 0 0 0 0 18 19 19 19 19 19 0 0 0 0 0 0 7 27 27 27
 27 27 27 0 0 0 0 32 33 33 33 33 33 0 0 0 0 0 0]
[43 17 10 10 10 10 10 5 0 0 0 0 0 18 19 19 19 19 19 19 0 0 0 0 13 14 14 14
 14 14 33 0 0 0 0 0 0 0 18 19 19 19 19 19 0 0 0 0]
[43 17 10 10 10 10 10 10 0 0 0 0 0 32 33 33 33 33 33 33 0 0 0 0 0 7 27 27
 27 27 27 27 0 0 0 0 0 32 33 33 33 33 33 33 0 0 0 0]
[43 17 10 10 10 10 10 10 0 0 0 0 0 18 19 19 19 19 19 0 0 0 0 0 0 7 27 27
 27 27 27 27 0 0 0 0 0 17 10 10 10 10 5 18 19 19 19 19]
[43 7 27 27 27 27 2 20 33 33 33 33 0 17 10 10 10 10 5 32 33 33 33 33 0 0
 13 14 14 14 14 2 32 33 33 33 33 0 17 10 10 10 10 5 18 19 19 19]
[43 13 14 14 14 14 2 32 33 33 33 33 33 67 9 10 10 10 10 5 32 33 33 33 33 0
 7 27 27 27 27 2 20 33 33 33 33 0 17 10 10 10 10 5 32 33 33 33]
[43 7 27 27 27 27 2 20 33 33 33 33 0 17 10 10 10 10 5 32 33 33 33 33 0 13
 14 14 14 14 32 33 33 33 33 0 17 10 10 10 10 5 0 32 33 33 33 33]
[43 13 14 14 14 14 14 32 33 33 33 33 0 17 10 10 10 10 5 32 33 33 33 33 33
 0 14 14 14 14 2 32 33 33 33 33 0 17 10 10 10 10 5 32 33 33 33 33]
[43 13 14 14 14 14 2 32 33 33 33 33 0 17 10 10 10 10 5 32 33 33 33 33 0 13
 14 14 14 14 2 32 33 33 33 33 0 8 21 21 21 21 9 10 33 33 33 0]
[43 13 14 14 14 14 2 32 33 33 33 33 0 17 10 10 10 10 5 32 33 33 33 33 0 13
 14 14 14 14 2 32 33 33 33 33 0 8 21 21 21 21 5 6 19 19 19 19]
[43 1 20 14 14 14 14 2 32 33 33 33 33 33 0 10 10 10 10 5 32 33 33 33 33 0
 13 14 14 14 14 2 32 33 33 33 33 0 17 10 10 10 10 5 18 19 19 19]
[43 1 20 14 14 14 14 32 33 33 33 33 0 17 10 10 10 10 5 5 18 19 19 19 19 1
 20 14 14 14 14 32 33 33 33 33 0 17 10 10 10 10 5 32 33 33 33 33]
[43 13 14 14 14 14 2 32 33 33 33 33 0 17 10 10 10 10 5 18 19 19 19 19 19 0
 14 14 14 14 2 32 33 33 33 33 0 17 10 10 10 10 5 0 18 19 19 19]
[43 13 14 14 14 14 2 32 33 33 33 33 0 17 10 10 10 10 5 18 19 19 19 19 0 13
 14 14 14 14 2 32 33 33 33 33 0 17 10 10 10 10 5 5 18 19 19 19]
[43 13 14 14 14 14 2 18 19 19 19 19 0 17 10 10 10 10 5 32 33 33 33 33 0 13
 14 14 14 14 0 0 23 23 23 19 17 10 10 10 10 5 5 18 19 19 19 19]
[43 13 14 14 14 14 2 26 23 23 23 23 0 17 10 10 10 10 5 32 33 33 33 33 0 13
 14 14 14 14 2 13 14 14 14 14 33 0 10 10 10 10 5 32 33 33 33 33]
[43 1 20 14 14 14 14 0 20 14 14 14 33 33 0 10 10 10 10 5 32 33 33 33 33 1
 20 14 14 14 14 53 38 14 14 14 33 17 10 10 10 10 5 5 18 19 19 19]
[43 1 20 14 14 14 14 0 14 14 14 14 0 17 10 10 10 10 5 18 19 19 19 19 0 13
 14 14 14 14 2 13 14 14 14 14 2 0 10 10 10 10 5 18 19 19 19 19]
[43 1 20 14 14 14 14 1 3 23 23 23 19 17 10 10 10 10 5 5 18 19 19 19 19 1
 20 14 14 14 14 0 3 23 23 23 19 17 10 10 10 10 5 5 18 19 19 19]
[43 1 20 14 14 14 14 1 3 23 23 23 23 56 5 5 5 5 5 6 19 19 19 19 19 0 14 14
 14 14 2 7 27 27 27 27 2 2 17 10 10 10 10 5 18 19 19 19]
[43 13 14 14 14 14 2 7 27 27 27 27 27 27 17 10 10 10 10 5 32 33 33 33 33 0
 13 14 14 14 14 0 0 14 14 14 33 0 17 10 10 10 10 5 18 19 19 19]
[43 13 14 14 14 14 2 13 14 14 14 14 0 17 10 10 10 10 5 18 19 19 19 19 0 13
 14 14 14 14 2 13 14 14 14 14 0 17 10 10 10 10 5 0 0 0 0 0]
[43 7 27 27 27 27 0 15 16 16 16 16 16 0 10 10 10 10 5 15 16 16 16 16 2 20
 33 33 33 33 0 13 14 14 14 14 14 67 9 10 10 10 10 0 32 33 33 33]
[43 13 14 14 14 14 2 13 14 14 14 14 0 17 10 10 10 10 5 32 33 33 33 33 0 13
 14 14 14 14 2 13 14 14 14 14 0 17 10 10 10 10 5 32 33 33 33 33]
[43 13 14 14 14 14 2 0 14 14 14 14 0 17 10 10 10 10 5 7 27 27 27 27 2 32
 33 33 33 33 0 13 14 14 14 14 0 17 10 10 10 10 5 32 33 33 33 33]
[43 13 14 14 14 14 2 0 14 14 14 14 0 17 10 10 10 10 5 32 33 33 33 33 0 13
 14 14 14 14 2 0 14 14 14 14 0 17 10 10 10 10 5 32 33 33 33 33]
[43 13 14 14 14 14 2 2 32 33 33 33 33 0 69 10 10 10 5 0 0 32 33 33 33 0 78
 78 14 14 2 2 0 18 19 19 19 19 0 66 10 10 10 5 5 18 19 19]
[43 1 20 14 14 14 14 2 0 18 19 19 19 24 25 66 10 10 10 5 0 18 19 19 19 37
 63 14 14 14 14 0 0 18 19 19 19 24 9 10 10 10 10 0 0 18 19 19]
[43 13 14 14 14 14 2 0 0 18 19 19 19 24 25 66 10 10 10 5 0 18 19 19 19 19
 0 65 14 14 14 2 2 18 19 19 19 24 25 66 10 10 10 5 0 32 33 33]
[43 13 14 14 14 14 2 2 1 3 23 23 23 0 0 10 10 10 5 5 18 19 19 19 19 0 65
 14 14 14 2 2 15 16 16 16 16 0 74 10 10 10 5 5 18 19 19 19]
[43 13 14 14 14 14 2 2 7 27 27 27 27 0 0 10 10 10 5 0 18 19 19 19 19 7 27
 27 27 27 2 0 15 16 16 16 72 73 87 10 10 10 5 0 32 33 33 33]
[43 13 14 14 14 14 2 0 18 37 16 16 16 0 87 87 10 10 5 0 18 19 19 19 19 0
 65 14 2 2 2 2 7 27 27 27 0 0 10 10 10 10 5 0 18 19 19 19]
[43 13 14 14 14 14 2 2 0 26 23 23 23 0 0 0 10 10 5 5 18 19 19 19 19 0 65
 14 14 14 2 0 15 16 16 16 16 0 74 10 10 10 5 0 0 18 19 19]
[43 13 14 14 14 14 2 0 0 26 23 23 23 0 0 0 10 10 5 0 0 18 19 19 19 37 63
 65 14 14 14 2 0 26 23 23 23 0 0 87 10 10 5 5 0 18 19 19]
[43 13 14 14 14 14 2 2 0 26 23 23 23 0 0 87 10 10 5 5 32 33 33 33 33 7 27
 27 27 27 2 2 0 15 16 16 16 0 74 10 10 10 5 5 0 18 19 19]
[43 13 14 14 14 14 2 2 0 26 23 23 23 0 0 87 10 10 5 0 0 32 33 33 33 0 78
 78 14 14 2 0 0 7 27 27 27 0 0 69 10 10 5 5 0 32 33 33]
[43 13 14 14 14 14 2 2 0 26 23 23 23 55 77 66 10 5 5 0 0 32 33 33 33 22 38
 78 14 2 2 2 0 15 16 16 16 72 73 74 10 5 5 5 0 18 19 19]
[43 13 14 14 2 2 2 0 0 26 23 23 23 0 0 66 5 5 5 5 18 19 19 19 37 63 14 14
 14 14 2 0 26 23 23 23 23 55 5 5 5 5 5 5 18 19 19 19]
[43 7 27 27 27 27 2 2 0 0 0 0 0 0 0 0 0 0 0 0 0 0 0 0 0 0 0 0 0 0 0 0 0 0
 0 0 0 0 0 0 0 0 0 0 0 0 0 0]
