----------OPTIMIZATION PARAMETERS----------
DATE: 20240624-155556
DATASET_PATH: dataset
SEED: 1111
INPUT_SIZE: 56
EMBEDDING_SIZE: 20
LEVELS: 7
HIDDEN_UNITS: 192
NUM_CHANNELS: [192, 192, 192, 192, 192, 192, 20]
OUTPUT_SIZE: 39
LOSS_WEIGTHS: tensor([0.8080, 0.9803, 0.9193, 0.9809, 0.9052, 0.9831, 0.9102, 0.9952, 0.9913,
        0.9835, 0.9078, 0.9900, 0.9603, 0.9852, 0.9115, 0.9907, 0.9464, 0.9980,
        0.9974, 0.9944, 0.9811, 0.9993, 0.9987, 0.9993, 0.9987, 0.9954, 0.9842,
        0.9980, 0.9935, 0.9963, 0.9944, 0.9505, 0.9887, 0.9987, 0.9948, 0.9987,
        0.9948, 0.9991, 0.9970])
LEARNING_RATE: 2
BATCH_SIZE: 2
EPOCHS: 500
BEST_LOSS: 0.046062572134865656
BEST_MODEL_EPOCH: 477
------------------------------------------
