DATE: 20240826-162701

-----------------DATASET------------------
DATASET_PATH: dataset
TRAIN_SET_SIZE: 125
EVAL_SET_SIZE: 16
TEST_SET_SIZE: 15

----------OPTIMIZATION PARAMETERS----------
GRADIENT_CLIP: 0.35
FEEDBACK: False
EARLY STOPPING: True
EMPHASIZE_EEG: False
LEARNING_RATE: 2
BATCH_SIZE: 8
EPOCHS: 300

------------MODEL PARAMETERS--------------
SEED: 1111
INPUT_SIZE: 16
EMBEDDING_SIZE: 20
LEVELS: 7
HIDDEN_UNITS: 192
NUM_CHANNELS: [192, 192, 192, 192, 192, 192, 20]
OUTPUT_SIZE: 117
LOSS_WEIGTHS: tensor([0.9826, 0.9918, 0.9514, 0.9959, 0.9774, 0.9978, 0.9881, 0.9938, 0.9456,
        0.9935, 0.9636, 0.9945, 0.9469, 0.9973, 0.9815, 0.9919, 0.9197, 0.9962,
        0.9832, 0.9886, 0.9509, 0.9932, 0.9594, 0.9954, 0.9705, 0.9968, 0.9846,
        0.9978, 0.9920, 0.9938, 0.9537, 0.9980, 0.9890, 0.9946, 0.9801, 0.9953,
        0.9770, 0.9978, 0.9917, 0.9958, 0.9833, 0.9958, 0.9738, 0.9995, 0.9976,
        0.9992, 0.9946, 0.9984, 0.9903, 0.9972, 0.9728, 0.9977, 0.9863, 0.9992,
        0.9930, 0.9978, 0.9800, 0.9998, 0.9981, 0.9981, 0.9799, 0.9994, 0.9963,
        0.9996, 0.9960, 0.9999, 0.9995, 1.0000, 0.9999, 1.0000, 0.9994, 0.9969,
        0.9751, 0.9992, 0.9930, 0.9982, 0.9870, 0.9999, 0.9992, 0.9983, 0.9878,
        0.9988, 0.9939, 0.9999, 0.9992, 0.9999, 0.9991, 0.9943, 0.9998, 0.9994,
        0.9995, 0.9980, 0.9996, 0.9997, 0.9987, 0.9890, 0.9981, 0.9973, 0.9960,
        0.9991, 0.9995, 0.9973, 0.9995, 0.9996, 0.9999, 0.9996, 0.9997, 0.9999,
        0.9999, 1.0000, 0.9999, 0.9999, 1.0000, 0.9999, 1.0000, 1.0000, 1.0000],
       device='cuda:0')

-------------------RESULTS----------------
TRAIN_LOSSES: 0.8793863869148847
BEST_EVAL_LOSS: 2.6366106271743774
TEST_LOSS: 2.003116011619568
BEST_MODEL_EPOCH: 40
