----------OPTIMIZATION PARAMETERS----------
DATE: 20240704-164950
DATASET_PATH: /content/Affective-AI-Music-Improviser/TCN/dataset
FEEDBACK: False
SEED: 1111
INPUT_SIZE: 52
EMBEDDING_SIZE: 20
LEVELS: 7
HIDDEN_UNITS: 192
NUM_CHANNELS: [192, 192, 192, 192, 192, 192, 20]
OUTPUT_SIZE: 55
LOSS_WEIGTHS: tensor([0.7505, 0.9779, 0.9182, 0.9936, 0.9742, 0.9946, 0.9791, 0.9868, 0.9243,
        0.9890, 0.9480, 0.9883, 0.9263, 0.9924, 0.9573, 0.9853, 0.8964, 0.9977,
        0.9853, 0.9947, 0.9769, 0.9998, 0.9998, 0.9990, 0.9977, 0.9929, 0.9700,
        0.9981, 0.9937, 0.9989, 0.9960, 0.9999, 0.9998, 0.9994, 0.9980, 0.9959,
        0.9633, 0.9977, 0.9868, 0.9987, 0.9887, 0.9999, 0.9999, 0.9997, 0.9972,
        0.9997, 0.9975, 0.9999, 0.9990, 0.9995, 0.9976, 0.9998, 0.9998, 0.9998,
        0.9998], device='cuda:0')
LEARNING_RATE: 1
BATCH_SIZE: 4
EPOCHS: 500
GRADIENT_CLIP: 0.35
------------------------------------------
----------RESULTS----------
TRAIN_LOSSES: 0.610578781680057
BEST_EVAL_LOSS: 1.1250701427459717
TEST_LOSS: 1.3126970529556274
BEST_MODEL_EPOCH: 448
------------------------------------------
