DATE: 20240813-111509

-----------------DATASET------------------
DATASET_PATH: dataset
TRAIN_SET_SIZE: 94
EVAL_SET_SIZE: 31
TEST_SET_SIZE: 31

----------OPTIMIZATION PARAMETERS----------
GRADIENT_CLIP: 0.35
FEEDBACK: False
EARLY STOPPING: True
EMPHASIZE_EEG: False
LEARNING_RATE: 2
BATCH_SIZE: 4
EPOCHS: 500

------------MODEL PARAMETERS--------------
SEED: 1111
INPUT_SIZE: 16
EMBEDDING_SIZE: 20
LEVELS: 7
HIDDEN_UNITS: 192
NUM_CHANNELS: [192, 192, 192, 192, 192, 192, 20]
OUTPUT_SIZE: 107
LOSS_WEIGTHS: tensor([0.9883, 0.9961, 0.9752, 0.9907, 0.9263, 0.9987, 0.9919, 0.9956, 0.9606,
        0.9997, 0.9986, 0.9986, 0.9905, 0.9948, 0.9712, 0.9952, 0.9710, 0.9999,
        0.9994, 0.9971, 0.9806, 0.9961, 0.9717, 0.9986, 0.9911, 0.9998, 0.9991,
        0.9984, 0.9941, 0.9968, 0.9791, 0.9999, 0.9996, 0.9888, 0.9362, 0.9987,
        0.9888, 0.9951, 0.9742, 0.9946, 0.9748, 0.9927, 0.9668, 0.9927, 0.9438,
        0.9974, 0.9875, 0.9988, 0.9921, 0.9993, 0.9950, 0.9989, 0.9900, 1.0000,
        0.9997, 0.9970, 0.9709, 0.9989, 0.9912, 0.9983, 0.9900, 0.9999, 0.9989,
        0.9989, 0.9937, 1.0000, 1.0000, 0.9990, 0.9904, 0.9974, 0.9836, 0.9991,
        0.9945, 1.0000, 0.9997, 0.9967, 0.9756, 0.9989, 0.9908, 0.9967, 0.9879,
        0.9990, 0.9957, 1.0000, 0.9996, 0.9989, 0.9897, 0.9973, 0.9794, 0.9989,
        0.9971, 0.9973, 0.9702, 0.9928, 0.9253, 0.9968, 0.9800, 0.9977, 0.9919,
        0.9997, 0.9989, 0.9989, 0.9971, 1.0000, 0.9996, 1.0000, 0.9998],
       device='cuda:0')

-------------------RESULTS----------------
TRAIN_LOSSES: 1.7038560538639425
BEST_EVAL_LOSS: 2.5121860206127167
TEST_LOSS: 2.7734157741069794
BEST_MODEL_EPOCH: 80
