DATE: 20240813-190742

-----------------DATASET------------------
DATASET_PATH: dataset
TRAIN_SET_SIZE: 125
EVAL_SET_SIZE: 16
TEST_SET_SIZE: 15

----------OPTIMIZATION PARAMETERS----------
GRADIENT_CLIP: 0.35
FEEDBACK: False
EARLY STOPPING: True
EMPHASIZE_EEG: False
LEARNING_RATE: 2
BATCH_SIZE: 8
EPOCHS: 500

------------MODEL PARAMETERS--------------
SEED: 1111
INPUT_SIZE: 16
EMBEDDING_SIZE: 20
LEVELS: 7
HIDDEN_UNITS: 192
NUM_CHANNELS: [192, 192, 192, 192, 192, 192, 20]
OUTPUT_SIZE: 121
LOSS_WEIGTHS: tensor([0.9827, 0.9915, 0.9505, 0.9961, 0.9781, 0.9980, 0.9889, 0.9927, 0.9422,
        0.9934, 0.9674, 0.9946, 0.9467, 0.9974, 0.9804, 0.9915, 0.9207, 0.9952,
        0.9790, 0.9899, 0.9544, 0.9940, 0.9585, 0.9955, 0.9623, 0.9975, 0.9816,
        0.9985, 0.9941, 0.9942, 0.9468, 0.9989, 0.9922, 0.9946, 0.9767, 0.9961,
        0.9809, 0.9984, 0.9942, 0.9964, 0.9853, 0.9960, 0.9772, 0.9996, 0.9976,
        0.9994, 0.9954, 0.9979, 0.9902, 0.9972, 0.9731, 0.9979, 0.9872, 0.9992,
        0.9932, 0.9980, 0.9815, 0.9999, 0.9987, 0.9979, 0.9801, 0.9992, 0.9944,
        0.9995, 0.9954, 0.9998, 0.9990, 0.9999, 0.9991, 0.9998, 0.9988, 0.9974,
        0.9782, 0.9994, 0.9943, 0.9982, 0.9851, 0.9998, 0.9985, 0.9985, 0.9859,
        0.9986, 0.9940, 0.9999, 0.9991, 0.9999, 0.9995, 0.9991, 0.9955, 0.9879,
        0.9985, 0.9997, 0.9991, 0.9974, 0.9960, 0.9971, 0.9980, 0.9994, 0.9999,
        0.9995, 0.9997, 0.9998, 0.9998, 0.9998, 0.9997, 0.9999, 0.9997, 0.9996,
        0.9995, 1.0000, 0.9996, 0.9999, 1.0000, 1.0000, 1.0000, 0.9996, 0.9999,
        0.9999, 1.0000, 1.0000, 1.0000], device='cuda:0')

-------------------RESULTS----------------
TRAIN_LOSSES: 0.8179628710224204
BEST_EVAL_LOSS: 2.2374799251556396
TEST_LOSS: 1.6471701264381409
BEST_MODEL_EPOCH: 404
