DATE: 20240722-142121

-----------------DATASET------------------
DATASET_PATH: dataset
TRAIN_SET_SIZE: 958
EVAL_SET_SIZE: 120
TEST_SET_SIZE: 119

----------OPTIMIZATION PARAMETERS----------
GRADIENT_CLIP: 0.35
FEEDBACK: True
EARLY STOPPING: True
EMPHASIZE_EEG: False
LEARNING_RATE: 2
BATCH_SIZE: 16
EPOCHS: 500

------------MODEL PARAMETERS--------------
SEED: 1111
INPUT_SIZE: 102
EMBEDDING_SIZE: 20
LEVELS: 7
HIDDEN_UNITS: 192
NUM_CHANNELS: [192, 192, 192, 192, 192, 192, 20]
OUTPUT_SIZE: 87
LOSS_WEIGTHS: tensor([0.7447, 0.9926, 0.9568, 0.9973, 0.9866, 0.9981, 0.9897, 0.9947, 0.9551,
        0.9942, 0.9685, 0.9955, 0.9572, 0.9976, 0.9818, 0.9929, 0.9333, 0.9969,
        0.9850, 0.9897, 0.9526, 0.9938, 0.9607, 0.9950, 0.9654, 0.9961, 0.9799,
        0.9991, 0.9975, 0.9947, 0.9538, 0.9986, 0.9906, 0.9963, 0.9863, 0.9962,
        0.9813, 0.9983, 0.9931, 0.9988, 0.9958, 0.9966, 0.9781, 0.9999, 0.9999,
        0.9995, 0.9977, 0.9984, 0.9904, 0.9985, 0.9853, 0.9980, 0.9881, 0.9993,
        0.9935, 0.9992, 0.9941, 0.9998, 0.9977, 0.9999, 0.9990, 0.9998, 0.9977,
        0.9998, 0.9984, 0.9999, 0.9993, 0.9999, 0.9988, 0.9999, 0.9988, 0.9985,
        0.9853, 0.9993, 0.9935, 0.9992, 0.9941, 0.9999, 0.9990, 0.9999, 0.9990,
        0.9998, 0.9977, 0.9999, 0.9993, 0.9999, 0.9988], device='cuda:0')

-------------------RESULTS----------------
TRAIN_LOSSES: 0.667079676191012
BEST_EVAL_LOSS: 0.4386770645777384
TEST_LOSS: 0.5230123629172643
BEST_MODEL_EPOCH: 183
