----------OPTIMIZATION PARAMETERS----------
DATE: 20240628-193048
DATASET_PATH: dataset
SEED: 1111
INPUT_SIZE: 136
EMBEDDING_SIZE: 20
LEVELS: 7
HIDDEN_UNITS: 192
NUM_CHANNELS: [192, 192, 192, 192, 192, 192, 20]
OUTPUT_SIZE: 39
LOSS_WEIGTHS: tensor([0.8080, 0.9803, 0.9193, 0.9809, 0.9052, 0.9831, 0.9102, 0.9952, 0.9913,
        0.9835, 0.9078, 0.9900, 0.9603, 0.9852, 0.9115, 0.9907, 0.9464, 0.9980,
        0.9974, 0.9944, 0.9811, 0.9993, 0.9987, 0.9993, 0.9987, 0.9954, 0.9842,
        0.9980, 0.9935, 0.9963, 0.9944, 0.9505, 0.9887, 0.9987, 0.9948, 0.9987,
        0.9948, 0.9991, 0.9970])
LEARNING_RATE: 2
BATCH_SIZE: 4
EPOCHS: 500
GRADIENT_CLIP: 0.35
------------------------------------------
----------RESULTS----------
TRAIN_LOSSES: [3.175619534083775, 2.943918756076268, 2.9394162041800365, 2.922770517213004, 2.9140207937785556, 2.9132965973445346, 2.902769684791565, 2.9015038354056224, 2.9107316732406616, 2.887584396771022, 2.9003613676343645, 2.886884331703186, 2.859694446836199, 2.8684469972337996, 2.8552340950284685, 2.8179767983300343, 2.8219729151044572, 2.802564876420157, 2.821272441319057, 2.7795367581503734, 2.7603049278259277, 2.767301286969866, 2.7579562664031982, 2.7077232939856395, 2.7009465524128506, 2.6892110790525163, 2.6565862894058228, 2.631079145840236, 2.6037808656692505, 2.5679579632622853, 2.528241889817374, 2.4969445637294223, 2.503705416406904, 2.458747846739633, 2.4465678249086653, 2.391456833907536, 2.327713506562369, 2.312735881124224, 2.270139898572649, 2.2401979565620422, 2.2068000861576627, 2.1867380823407854, 2.150376098496573, 2.110591334956033, 2.0938701033592224, 2.0512523651123047, 2.0620838574000766, 2.0117362993104115, 1.981570839881897, 1.957158591066088, 1.958076732499259, 1.9085357870374406, 1.8934892841747828, 1.909472976412092, 1.8482640130179269, 1.8464856062616621, 1.8176609873771667, 1.806559213570186, 1.7636063694953918, 1.7952374049595423, 1.7497743027550834, 1.7385565808841161, 1.722243300506047, 1.7188081911631994, 1.700685339314597, 1.6473098482404436, 1.6296585031918116, 1.6269228117806571, 1.6164228320121765, 1.5894044126783098, 1.5754848378045219, 1.5765660490308488, 1.552490975175585, 1.5586498975753784, 1.5377025604248047, 1.4917719875063216, 1.4992073774337769, 1.4750777568135942, 1.4631690042359489, 1.444495609828404, 1.4737718275615148, 1.427482349531991, 1.4170686261994498, 1.392799232687269, 1.3868903177125114, 1.3874177506991796, 1.3795306427138192, 1.3666104631764548, 1.3276011475494929, 1.3002199956348963, 1.3827694654464722, 1.2966495241437639, 1.2827281057834625, 1.3075262308120728, 1.282451148544039, 1.2499665319919586, 1.2203967017786843, 1.2318896353244781, 1.2261778967721122, 1.1985630265304021, 1.2158154802662986, 1.1940187173230308, 1.177675085408347, 1.1421757638454437, 1.1362351264272417, 1.1339771449565887, 1.122669322150094, 1.114762795822961, 1.1513145693710871, 1.0994878666741508, 1.106849491596222, 1.0746522886412484, 1.1084169149398804, 1.0460407052721297, 1.0720774573939187, 1.078623205423355, 1.0448123599801744, 1.0429344986166273, 1.0596897431782313, 1.0271064341068268, 1.0136531463691167, 1.0002158539635795, 1.0497521332332067, 1.0009629598685674, 0.9927970000675747, 0.9889601469039917, 0.974041474717004, 0.9204537740775517, 0.980809863124575, 0.9227513798645565, 0.9051348652158465, 0.9313189217022487, 0.9351628805909838, 0.9165397116116115, 0.9238794105393546, 0.8647885876042503, 0.9012374196733747, 0.903743177652359, 0.8571281773703439, 0.8634832714285169, 0.8630965990679604, 0.8349115678242275, 0.8432319845472064, 0.8443386426993779, 0.8470339817660195, 0.8252888407026019, 0.8515390413148063, 0.8208586531026023, 0.8339183075087411, 0.832866758108139, 0.8073257271732602, 0.8057245569569724, 0.803571526493345, 0.7884775144713265, 0.7865908869675228, 0.7815605444567544, 0.8029180254255023, 0.7616118660994938, 0.7462677274431501, 0.7659516888005393, 0.7569659437452044, 0.7630377582141331, 0.743643194437027, 0.7343538062913078, 0.7463210821151733, 0.6994933443410056, 0.7401501749243055, 0.7036200293472835, 0.6769878395966121, 0.7057548591068813, 0.6771599671670369, 0.6759826668671199, 0.6952451850686755, 0.6956478187016079, 0.6762478479317257, 0.6896836651223046, 0.6591688309397016, 0.6766432332141059, 0.6545435935258865, 0.6530023770672935, 0.6400434502533504, 0.6566620192357472, 0.6343457996845245, 0.6227832990033286, 0.6712001945291247, 0.6136357017925808, 0.592352209346635, 0.6158133617469242, 0.6307081260851451, 0.6064727476664952, 0.6207147687673569, 0.6328652990715844, 0.5875712377684457, 0.6048842668533325, 0.6211788143430438, 0.6162089151995522, 0.564520320722035, 0.6038344310862678, 0.5858331194945744, 0.5719178808586938, 0.5588339077574866, 0.5680186727217266, 0.5700991238866534, 0.5543363349778312, 0.5519834948437554, 0.528745459658759, 0.5191368077482496, 0.5503266815628324, 0.5567406756537301, 0.5465697518416813, 0.5318200801100049, 0.533440113067627, 0.5218459176165717, 0.5147310090916497, 0.5208309612103871, 0.5311164792094912, 0.5277496299573353, 0.5279342021260943, 0.496046102472714, 0.5043352714606694, 0.5207224637269974, 0.49610706099442076, 0.48275257859911236, 0.4964525465454374, 0.485444928918566, 0.4733148089476994, 0.5105872026511601, 0.47466055835996357, 0.4727026011262621, 0.49402294201510294, 0.48075370277677265, 0.4769106060266495, 0.4822764439242227, 0.4683796486684254, 0.46205137031418936, 0.4536325676100595, 0.45526573274816784, 0.45665029117039274, 0.48667376594884054, 0.4764300265482494, 0.455264151096344, 0.44316356096948895, 0.4642963026251112, 0.4456951894930431, 0.4387294820376805, 0.451065440263067, 0.44205349470887867, 0.4373181845460619, 0.43796571024826597, 0.447370925119945]
TEST_LOSS: 0.08584819696843624
BEST_MODEL_EPOCH: 235
------------------------------------------
